"Activity.Id" "Activity.Name" "Subject.Id" "Standard.Deviation" "Mean"
6 "LAYING" 1 0.542294404739403 -0.605476454475559
4 "SITTING" 1 0.546477904027143 -0.631305794429848
5 "STANDING" 1 0.542181337789553 -0.645308052260776
1 "WALKING" 1 0.452722654264638 -0.317732449943276
3 "WALKING_DOWNSTAIRS" 1 0.455514566936833 -0.295886896276383
2 "WALKING_UPSTAIRS" 1 0.484862873610122 -0.405409679548549
6 "LAYING" 2 0.543318302012276 -0.637868335799658
4 "SITTING" 2 0.536914141147994 -0.638502696898794
5 "STANDING" 2 0.536059426538189 -0.634368668422514
1 "WALKING" 2 0.471751410540144 -0.384182365060794
3 "WALKING_DOWNSTAIRS" 2 0.465729490758389 -0.258386533659573
2 "WALKING_UPSTAIRS" 2 0.466703992931453 -0.362505213825313
6 "LAYING" 3 0.53124691328834 -0.639359163028114
4 "SITTING" 3 0.535481364875035 -0.620719872215977
5 "STANDING" 3 0.523981202663951 -0.624776960528716
1 "WALKING" 3 0.47042947054323 -0.385340426338184
3 "WALKING_DOWNSTAIRS" 3 0.471565414517055 -0.349073324403032
2 "WALKING_UPSTAIRS" 3 0.483280166456723 -0.422659805550886
6 "LAYING" 4 0.538918856382756 -0.628793596851745
4 "SITTING" 4 0.530636923654938 -0.625015003142872
5 "STANDING" 4 0.530351097607765 -0.616539404062263
1 "WALKING" 4 0.485536384535955 -0.428926556121431
3 "WALKING_DOWNSTAIRS" 4 0.485503779291866 -0.362279241336623
2 "WALKING_UPSTAIRS" 4 0.482342658990012 -0.413663216039928
6 "LAYING" 5 0.544391929156741 -0.629700648871992
4 "SITTING" 5 0.531734627480468 -0.624953001788792
5 "STANDING" 5 0.526482578726867 -0.616783629851426
1 "WALKING" 5 0.471349048704243 -0.377022872572947
3 "WALKING_DOWNSTAIRS" 5 0.479605858322798 -0.29551989425845
2 "WALKING_UPSTAIRS" 5 0.471016513212762 -0.354881276328096
6 "LAYING" 6 0.533051183737078 -0.617370768055779
4 "SITTING" 6 0.528560255624084 -0.623359624590683
5 "STANDING" 6 0.524918864445532 -0.627199473708842
1 "WALKING" 6 0.462995436937977 -0.33608896964098
3 "WALKING_DOWNSTAIRS" 6 0.478007541818861 -0.197717923120407
2 "WALKING_UPSTAIRS" 6 0.464916100757488 -0.329226755714927
6 "LAYING" 7 0.542283798100629 -0.626220374309485
4 "SITTING" 7 0.536419278331034 -0.626759735498091
5 "STANDING" 7 0.528953245701607 -0.63162134585134
1 "WALKING" 7 0.458658161670587 -0.305402520857604
3 "WALKING_DOWNSTAIRS" 7 0.473530402086289 -0.31572264004353
2 "WALKING_UPSTAIRS" 7 0.478967138009984 -0.425795525584097
6 "LAYING" 8 0.54552114969283 -0.625003037660362
4 "SITTING" 8 0.537875923565333 -0.635634639796221
5 "STANDING" 8 0.537725697835807 -0.637369079524455
1 "WALKING" 8 0.46042789591661 -0.298402860373074
3 "WALKING_DOWNSTAIRS" 8 0.458724749672543 -0.19235927660664
2 "WALKING_UPSTAIRS" 8 0.464582765249912 -0.292029131324599
6 "LAYING" 9 0.530063039309266 -0.626352700139186
4 "SITTING" 9 0.524475751851574 -0.625480989888988
5 "STANDING" 9 0.526030674232032 -0.631650029047065
1 "WALKING" 9 0.467267674726799 -0.370153875751717
3 "WALKING_DOWNSTAIRS" 9 0.475828264325837 -0.311736887825803
2 "WALKING_UPSTAIRS" 9 0.480856175330876 -0.425459895228338
6 "LAYING" 10 0.538143814511992 -0.631521349566716
4 "SITTING" 10 0.542251226544214 -0.637974761451321
5 "STANDING" 10 0.526755493498941 -0.628826680892612
1 "WALKING" 10 0.459226854544395 -0.32568764155288
3 "WALKING_DOWNSTAIRS" 10 0.463337371199746 -0.261869369727711
2 "WALKING_UPSTAIRS" 10 0.463053071179259 -0.344213622293371
6 "LAYING" 11 0.539562164233576 -0.641447844192305
4 "SITTING" 11 0.53609946156127 -0.63399587725037
5 "STANDING" 11 0.536202658765753 -0.646266679442262
1 "WALKING" 11 0.4778994116884 -0.429748599977013
3 "WALKING_DOWNSTAIRS" 11 0.477173185821431 -0.347247892005097
2 "WALKING_UPSTAIRS" 11 0.494681275282595 -0.433620340133675
6 "LAYING" 12 0.528718342661708 -0.628067187684298
4 "SITTING" 12 0.52622870168125 -0.63423319110327
5 "STANDING" 12 0.530219182625889 -0.625623687791274
1 "WALKING" 12 0.465934707083466 -0.354098420816317
3 "WALKING_DOWNSTAIRS" 12 0.479102128871457 -0.310083688001952
2 "WALKING_UPSTAIRS" 12 0.4801841508273 -0.42018663657112
6 "LAYING" 13 0.553755547011914 -0.622241685125317
4 "SITTING" 13 0.543066636603673 -0.636077269367909
5 "STANDING" 13 0.535187318003595 -0.637207918000213
1 "WALKING" 13 0.460854393995368 -0.315604765252722
3 "WALKING_DOWNSTAIRS" 13 0.463191730560919 -0.315846063917246
2 "WALKING_UPSTAIRS" 13 0.481399962634359 -0.409993137856766
6 "LAYING" 14 0.529959358732366 -0.626294586556399
4 "SITTING" 14 0.5280379685885 -0.637852535675807
5 "STANDING" 14 0.530378924305392 -0.631699673024663
1 "WALKING" 14 0.460095719296736 -0.38399720253805
3 "WALKING_DOWNSTAIRS" 14 0.474784640200934 -0.202171678109523
2 "WALKING_UPSTAIRS" 14 0.511997359659549 -0.284067348684123
6 "LAYING" 15 0.531265854159869 -0.637799252427518
4 "SITTING" 15 0.537109906202275 -0.639399053418692
5 "STANDING" 15 0.53194178615701 -0.637951719721761
1 "WALKING" 15 0.470930092491822 -0.388993441951542
3 "WALKING_DOWNSTAIRS" 15 0.478913470640684 -0.278876543776854
2 "WALKING_UPSTAIRS" 15 0.481360338460772 -0.39216382746735
6 "LAYING" 16 0.540805566032016 -0.633812324468356
4 "SITTING" 16 0.540660946111618 -0.640149192304434
5 "STANDING" 16 0.536027968915291 -0.644434205825036
1 "WALKING" 16 0.477181248917123 -0.429746181942572
3 "WALKING_DOWNSTAIRS" 16 0.480317131361736 -0.337622299241617
2 "WALKING_UPSTAIRS" 16 0.485215967490382 -0.438499899423319
6 "LAYING" 17 0.544111902566298 -0.627787473463417
4 "SITTING" 17 0.54709797498025 -0.641588490279086
5 "STANDING" 17 0.541386142783106 -0.642564641124571
1 "WALKING" 17 0.471340331643968 -0.385512096526404
3 "WALKING_DOWNSTAIRS" 17 0.482880088421838 -0.363685467377106
2 "WALKING_UPSTAIRS" 17 0.479425823691872 -0.399863994331658
6 "LAYING" 18 0.539909038662556 -0.642931405022691
4 "SITTING" 18 0.534395879168263 -0.64813234870805
5 "STANDING" 18 0.53099975134502 -0.643425010269281
1 "WALKING" 18 0.474007929974224 -0.434686301483526
3 "WALKING_DOWNSTAIRS" 18 0.484648090481038 -0.437020907445602
2 "WALKING_UPSTAIRS" 18 0.490071688258084 -0.468971947556928
6 "LAYING" 19 0.546461684255782 -0.630900533874082
4 "SITTING" 19 0.53209411177613 -0.636902892903847
5 "STANDING" 19 0.531159784474125 -0.638052539776798
1 "WALKING" 19 0.441222720223505 -0.237043755445961
3 "WALKING_DOWNSTAIRS" 19 0.493267285356331 -0.0772893630893676
2 "WALKING_UPSTAIRS" 19 0.457959800536126 -0.315442504584877
6 "LAYING" 20 0.532311298923294 -0.642303650907549
4 "SITTING" 20 0.527767117830281 -0.63779507441652
5 "STANDING" 20 0.523601719784163 -0.617992804306717
1 "WALKING" 20 0.458475195837703 -0.258240548916197
3 "WALKING_DOWNSTAIRS" 20 0.471620332044863 -0.245890679659674
2 "WALKING_UPSTAIRS" 20 0.467024672485213 -0.336858993739812
6 "LAYING" 21 0.543398484551232 -0.629018893883965
4 "SITTING" 21 0.534193252488579 -0.642626774796816
5 "STANDING" 21 0.528022506329555 -0.636374640005692
1 "WALKING" 21 0.462261283553448 -0.329237834377618
3 "WALKING_DOWNSTAIRS" 21 0.475622056333089 -0.289937342164603
2 "WALKING_UPSTAIRS" 21 0.473554737531349 -0.38044472540554
6 "LAYING" 22 0.534082415245892 -0.630034007645681
4 "SITTING" 22 0.532022049722643 -0.631940800049868
5 "STANDING" 22 0.529999769322386 -0.633917375868076
1 "WALKING" 22 0.460010818917144 -0.272894560415184
3 "WALKING_DOWNSTAIRS" 22 0.477672679039378 -0.286303026731472
2 "WALKING_UPSTAIRS" 22 0.468928019106076 -0.303808095312265
6 "LAYING" 23 0.551576627950253 -0.625990423588982
4 "SITTING" 23 0.543059200310429 -0.630751186980921
5 "STANDING" 23 0.531088424136574 -0.634945676651999
1 "WALKING" 23 0.464098141308726 -0.263998863206806
3 "WALKING_DOWNSTAIRS" 23 0.4574307312881 -0.201291348161459
2 "WALKING_UPSTAIRS" 23 0.467164879388163 -0.368092440360291
6 "LAYING" 24 0.541737906273239 -0.632110965329772
4 "SITTING" 24 0.526925830839725 -0.644531337674892
5 "STANDING" 24 0.53344655282101 -0.63211724002205
1 "WALKING" 24 0.473945996502654 -0.41538990618725
3 "WALKING_DOWNSTAIRS" 24 0.472990421003547 -0.357605428971715
2 "WALKING_UPSTAIRS" 24 0.474251576812081 -0.434218909903652
6 "LAYING" 25 0.545450415711338 -0.587487201851539
4 "SITTING" 25 0.534204894318477 -0.643208691130502
5 "STANDING" 25 0.528500727750385 -0.643209341002835
1 "WALKING" 25 0.482757503377511 -0.459163119323085
3 "WALKING_DOWNSTAIRS" 25 0.48048742191466 -0.42830446065136
2 "WALKING_UPSTAIRS" 25 0.493089266961923 -0.483770949439488
6 "LAYING" 26 0.545536215521252 -0.638569183278836
4 "SITTING" 26 0.538163762448172 -0.640617294915573
5 "STANDING" 26 0.533694523050013 -0.641908997318011
1 "WALKING" 26 0.465080130468016 -0.390483686369589
3 "WALKING_DOWNSTAIRS" 26 0.467151493916604 -0.32106809748104
2 "WALKING_UPSTAIRS" 26 0.480136846789247 -0.410085932559618
6 "LAYING" 27 0.539991225164833 -0.643883354524315
4 "SITTING" 27 0.533984958770938 -0.645227830453468
5 "STANDING" 27 0.535052504532977 -0.642257620140047
1 "WALKING" 27 0.468490345338959 -0.376265468504366
3 "WALKING_DOWNSTAIRS" 27 0.47435384225082 -0.311046129842555
2 "WALKING_UPSTAIRS" 27 0.48671284301688 -0.424642532631276
6 "LAYING" 28 0.530976406623764 -0.638434199443543
4 "SITTING" 28 0.523550153103677 -0.635256916763355
5 "STANDING" 28 0.519990161399115 -0.62584104444212
1 "WALKING" 28 0.468082416558165 -0.392253679309277
3 "WALKING_DOWNSTAIRS" 28 0.46256315184821 -0.290308859110655
2 "WALKING_UPSTAIRS" 28 0.473584351968701 -0.399536600603253
6 "LAYING" 29 0.547384622922697 -0.644200660903232
4 "SITTING" 29 0.54030786087254 -0.641993236339781
5 "STANDING" 29 0.536209908171482 -0.648134148642433
1 "WALKING" 29 0.459750416503951 -0.351448955219892
3 "WALKING_DOWNSTAIRS" 29 0.466798126904517 -0.315867664963298
2 "WALKING_UPSTAIRS" 29 0.485009059372236 -0.362918290363737
6 "LAYING" 30 0.529010124054845 -0.6405405362605
4 "SITTING" 30 0.532835681402282 -0.643920297663824
5 "STANDING" 30 0.527699114956464 -0.628574359804318
1 "WALKING" 30 0.458741626903586 -0.372126475815332
3 "WALKING_DOWNSTAIRS" 30 0.464525701807421 -0.357325632305771
2 "WALKING_UPSTAIRS" 30 0.489520080840848 -0.437717899563423
